user : 532
recommendation : [(2136, 0.9999999999999998), (2134, 0.914568819496273), (2915, 0.9107935058747628), (3642, 0.9101067601858356), (2138, 0.905762496778424)]